graphene
SLAB
1
2.456 2.456 120.00
2
 6   0.000000000         0.000000000         0.000000000
 6   0.333333333         0.666666666         0.000000000
END
6 6
0 0 5 2 1
  1238.40169380       0.0054568832082
  186.290049920       0.0406384092110
  42.2511763460       0.1802559388800
  11.6765579320       0.4631512175500
  3.59305064820       0.4408717331400
0 0 1 2 1
  0.46866670000       1.0000000000000
0 0 1 0 1
  0.23547146000       1.0000000000000
0 2 3 2 1
  9.46809706210       0.0383878717280
  2.01035451420       0.2111702511200
  0.54771004707       0.5132817211400
0 2 1 0 1
  0.21046214000       1.0000000000000
0 3 1 0 1
  0.52857792000       1.0000000000000
8 5
0 0 6 2.0 1.0
 0.5484671660D+04  0.1831074430D-02
 0.8252349460D+03  0.1395017220D-01
 0.1880469580D+03  0.6844507810D-01
 0.5296450000D+02  0.2327143360D+00
 0.1689757040D+02  0.4701928980D+00
 0.5799635340D+01  0.3585208530D+00
0 1 3 6.0 1.0
 0.1553961625D+02 -0.1107775495D+00  0.7087426823D-01
 0.3599933586D+01 -0.1480262627D+00  0.3397528391D+00
 0.1013761750D+01  0.1130767015D+01  0.7271585773D+00
0 1 1 0.0 1.0
 0.2700058226D+00  0.1000000000D+01  0.1000000000D+01
0 1 1 0.0 1.0
 0.8450000000D-01  0.1000000000D+01  0.1000000000D+01
0 3 1 0.0 1.0
 0.8000000000D+00  0.1000000000D+01
1 4
0 0 3 1.0 1.0
 0.1873113696D+02  0.3349460434D-01
 0.2825394365D+01  0.2347269535D+00
 0.6401216923D+00  0.8137573261D+00
0 0 1 0.0 1.0
 0.1612777588D+00  0.1000000000D+01
0 2 1 0.0 1.0
 0.2200000000D+01  0.1000000000D+01
0 2 1 0.0 1.0
  0.5500000000D+00  0.1000000000D+01
99 0 
END
DFT
EXCHANGE
PBE
CORRELAT
PBE
CHUNKS
200
XXLGRID
END
TOLDEE
9
TOLINTEG
11 11 11 11 20
SHRINK
20 20
END
